defect cooperate tit_for_tat coin_flip biased_random susp_tit_for_tat grudger 
  5   15   20   10   10   10   10  
  4   15   22    9   10    9   11  
  3   16   23    8   10    8   12  
  2   17   24    7   10    7   13  
  0   18   25    6   10    6   14  
  0   19   26    5   10    5   15  
  0   19   27    4   10    4   16  
  0   19   28    3   10    3   17  
  0   19   28    3   10    2   18  
  0   19   28    2   11    0   19  
  0   19   28    0   12    0   20  
  0   18   29    0   12    0   21  
  0   18   29    0   12    0   21  
  0   18   29    0   12    0   21  
  0   18   29    0   12    0   21  
  0   18   29    0   12    0   21  
  0   18   29    0   12    0   21  
  0   18   29    0   12    0   21  
  0   18   29    0   12    0   21  
  0   18   29    0   12    0   21  
  0   18   29    0   12    0   21  
  0   18   29    0   12    0   21  
  0   18   29    0   12    0   21  
  0   18   29    0   12    0   21  
  0   18   29    0   12    0   21  
  0   18   29    0   12    0   21  
  0   18   29    0   12    0   21  
  0   18   29    0   12    0   21  
  0   18   29    0   12    0   21  
  0   18   29    0   12    0   21  
  0   18   29    0   12    0   21  
  0   18   29    0   12    0   21  
  0   18   29    0   12    0   21  
  0   18   29    0   12    0   21  
  0   18   29    0   12    0   21  
  0   18   29    0   12    0   21  
  0   18   29    0   12    0   21  
  0   18   29    0   12    0   21  
  0   18   29    0   12    0   21  
  0   18   29    0   12    0   21  
